function [V, dV] = O2_Varandas(R)    

% O2 Min Varandas @ 2.28181 (V=-5.212840)

  D     = -0.142912d0;
  Gamma =  3.3522d0;
  a1    =  3.644590d0;
  a2    =  3.928120d0;
  a3    =  2.0986665d0;
  c6    =  15.4d0;
  c8    =  235.2d0;
  c10   =  4066.d0;
  Rm    =  2.2818d0;
  R0    =  5.66169d0;
  alpha0 = 25.952776d0;
  alpha1 = 1.186793d0;
  beta0  = 15.738100d0;
  beta1  = 0.097291d0;
  
  A    = [3.095133326007682, 2.199900018659006, 1.688071424840357];
  %A(1) = alpha0 *  6.0d0^(-alpha1)
  %A(2) = alpha0 *  8.0d0^(-alpha1)
  %A(3) = alpha0 * 10.0d0^(-alpha1)
  
  B    = [8.778789466267723, 7.226512279520406, 5.948710801953137];
  %B(1) = beta0 * exp(-beta1 *  6.0d0)
  %B(2) = beta0 * exp(-beta1 *  8.0d0)
  %B(3) = beta0 * exp(-beta1 * 10.0d0)
  
  rho  = 8.2180125;
  %rho  = (Rm + 2.5d0 * R0) / 2.0

  Rd     = R - Rm;
  
  V_EHF  = D .* (1.0 + a1 .* Rd + a2 .* Rd.^2 + a3 * Rd.^3) .* exp(-Gamma .* Rd);
  
  Xn(1,:) = (1.0 - exp(- A(1) .* R ./ rho - B(1) .* (R ./ rho).^2) ).^6;
  Xn(2,:) = (1.0 - exp(- A(2) .* R ./ rho - B(2) .* (R ./ rho).^2) ).^8;
  Xn(3,:) = (1.0 - exp(- A(3) .* R ./ rho - B(3) .* (R ./ rho).^2) ).^10;
  
  V_Corr(:) = - (c6 .* Xn(1,:) .* R.^(-6) + c8 .* Xn(2,:) .* R.^(-8) + c10 .* Xn(3,:) .* R.^(-10));
  
  V  = (V_EHF + V_Corr)' .* 27.2113839712790;
  dV = (V_EHF.*0.0)'     .* 27.2113839712790;
  
end